Script started on Sun Aug  4 20:03:58 2019
[?1034hbash-3.2$ exitscreen ${DEVICENAME} 115200
[?1049h[!p[?3;4l[4l>[4l[?1h=[0m(B[1;74r[H[2J[H[2J
















-,-,-
-889.0,292.0,412.0
-896.0,280.0,491.0
-882.0,372.0,452.0
-869.0,316.0,398.0
-840.0,291.0,406.0
-718.0,388.0,104.0
-615.0,403.0,113.0
-430.0,350.0,116.0
-168.0,252.0,-26.0
-107.0,257.0,11.0
-86.0,251.0,77.0
68.0,168.0,408.0
41.0,94.0,622.0
53.0,30.0,983.0
-186.0,206.0,1984.0
-222.0,417.0,2012.0
-337.0,219.0,2026.0
-628.0,-252.0,2040.0
-546.0,-168.0,2040.0
-413.0,-5.0,2031.0
-178.0,210.0,1670.0
-133.0,187.0,1468.0
-117.0,163.0,1201.0
-46.0,116.0,960.0
-15.0,43.0,755.0
-18.0,26.0,288.0
-116.0,-118.0,-294.0
-121.0,-72.0,-346.0
-86.0,-5.0,-292.0
-74.0,124.0,64.0
-123.0,90.0,234.0
-163.0,115.0,360.0
-212.0,240.0,618.0
-206.0,329.0,647.0
-176.0,375.0,784.0
-150.0,394.0,1260.0
-188.0,418.0,1431.0
-265.0,377.0,1669.0
-424.0,174.0,1914.0
-433.0,55.0,1977.0
-408.0,10.0,2009.0
-322.0,166.0,2040.0
-263.0,242.0,1890.0
-202.0,235.0,1676.0
-148.0,86.0,1150.0
-163.0,55.0,1018.0
-180.0,6.0,860.0
-230.0,8.0,550.0
-286.0,5.0,546.0
-319.0,-9.0,525.0
-502.0,42.0,528.0
-507.0,45.0,487.0
-518.0,59.0,461.0
-580.0,124.0,518.0
-591.0,147.0,518.0
-595.0,194.0,524.0
-598.0,248.0,466.0
-527.0,450.0,526.0
-638.0,189.0,793.0
-918.0,-92.0,350.0
-892.0,-21.0,355.0
-849.0,138.0,527.0
-808.0,166.0,838.0
-799.0,121.0,817.0
-763.0,203.0,646.0
-738.0,378.0,676.0
-746.0,284.0,710.0
-768.0,170.0,686.0
-756.0,260.0,646.0


















 -,-,-
-918.0,234.0,332.0
-921.0,212.0,273.0
-926.0,190.0,304.0
-923.0,222.0,323.0
-908.0,204.0,328.0
-918.0,190.0,318.0
-922.0,190.0,340.0
-938.0,180.0,346.0
-942.0,180.0,362.0
-935.0,175.0,379.0
-923.0,160.0,338.0
-902.0,112.0,396.0
-907.0,245.0,384.0
-939.0,245.0,374.0
-1012.0,112.0,370.0
-994.0,164.0,476.0
-957.0,208.0,519.0
-920.0,174.0,452.0
-899.0,160.0,420.0
-879.0,155.0,384.0
-840.0,156.0,322.0
-829.0,138.0,322.0
-799.0,202.0,280.0
-736.0,248.0,246.0
-728.0,193.0,247.0
-694.0,222.0,255.0
-562.0,324.0,150.0
-549.0,230.0,168.0
-488.0,238.0,204.0
-440.0,238.0,326.0
-385.0,309.0,364.0
-342.0,220.0,483.0
-180.0,302.0,632.0
-199.0,186.0,719.0
-135.0,284.0,924.0
-162.0,44.0,1392.0
-189.0,52.0,1418.0
-214.0,36.0,1555.0
-272.0,124.0,1940.0
-266.0,134.0,1838.0
-270.0,98.0,1639.0
-248.0,202.0,1754.0
-244.0,174.0,1837.0
-214.0,301.0,1721.0
-212.0,284.0,1444.0
-197.0,287.0,1538.0
-171.0,268.0,1510.0
-214.0,94.0,1510.0
-157.0,113.0,1388.0
-189.0,-22.0,1267.0
-224.0,-120.0,890.0
-214.0,-5.0,883.0
-190.0,47.0,598.0
-272.0,-272.0,278.0
-230.0,-194.0,280.0
-209.0,-120.0,207.0
-168.0,108.0,-18.0
-170.0,175.0,44.0
-204.0,156.0,116.0
-196.0,358.0,350.0
-196.0,318.0,332.0
-204.0,301.0,582.0
-144.0,480.0,624.0
-124.0,392.0,684.0
-87.0,249.0,854.0
-8.0,-14.0,976.0
-13.0,-61.0,1304.0
-57.0,-32.0,1595.0
-152.0,156.0,1898.0
-187.0,206.0,1900.0
-191.0,253.0,1878.0
-170.0,134.0,1864.0
-164.0,82.0,1853.0
-157.0,48.0,1815.0
-116.0,136.0,1508.0
-102.0,132.0,1389.0
-107.0,40.0,1307.0
-16.0,-6.0,1024.0
-65.0,-79.0,946.0
-73.0,67.0,883.0
-224.0,72.0,676.0
-225.0,160.0,748.0
-302.0,180.0,801.0
-362.0,268.0,740.0
-414.0,255.0,782.0
-425.0,265.0,796.0
-530.0,56.0,750.0
-519.0,185.0,765.0
-540.0,218.0,679.0
-556.0,226.0,610.0
-539.0,179.0,549.0
-535.0,152.0,456.0
-576.0,240.0,564.0
-594.0,217.0,539.0
-639.0,264.0,526.0
-658.0,346.0,698.0
-687.0,314.0,688.0
-686.0,357.0,715.0
-710.0,452.0,694.0
-703.0,401.0,708.0
-710.0,329.0,702.0
-698.0,296.0,664.0
-704.0,344.0,705.0
-679.0,329.0,693.0
-676.0,244.0,722.0
-660.0,273.0,708.0
-682.0,303.0,697.0
-722.0,286.0,764.0
-707.0,387.0,688.0
-689.0,380.0,606.0
-738.0,76.0,678.0
-734.0,113.0,692.0
-667.0,578.0,1080.0
-710.0,264.0,580.0
-694.0,285.0,624.0
-688.0,303.0,651.0
-694.0,336.0,690.0
-705.0,317.0,622.0
-730.0,327.0,697.0
-732.0,266.0,608.0
-709.0,286.0,649.0
-721.0,290.0,667.0
-720.0,334.0,612.0
-717.0,316.0,655.0
-721.0,310.0,649.0
-738.0,506.0,448.0
-740.0,401.0,588.0
-744.0,329.0,574.0


















 -,-,-
-796.0,437.0,450.0
-778.0,408.0,395.0
-764.0,478.0,588.0
-777.0,448.0,575.0
-766.0,448.0,487.0
-760.0,466.0,334.0
-758.0,473.0,415.0
-753.0,444.0,457.0
-734.0,334.0,428.0
-704.0,336.0,382.0
-646.0,337.0,332.0
-480.0,356.0,190.0
-481.0,348.0,219.0
-433.0,349.0,250.0
-268.0,440.0,320.0
-249.0,316.0,404.0
-223.0,108.0,451.0
-110.0,252.0,436.0
-59.0,261.0,558.0
-71.0,178.0,984.0
-60.0,310.0,1128.0
-71.0,305.0,1357.0
-202.0,88.0,1699.0
-374.0,180.0,2040.0
-364.0,241.0,1872.0
-318.0,279.0,1710.0
-228.0,366.0,1516.0
-185.0,491.0,1503.0
-161.0,478.0,1411.0
-132.0,470.0,1550.0
-135.0,436.0,1591.0
-145.0,425.0,1562.0
-148.0,388.0,1466.0
-155.0,332.0,1370.0
-155.0,205.0,1223.0
-176.0,-20.0,872.0
-210.0,-81.0,797.0
-228.0,1.0,656.0
-300.0,-112.0,362.0
-286.0,-40.0,267.0
-283.0,47.0,145.0
-246.0,288.0,168.0
-236.0,280.0,111.0
-244.0,162.0,50.0
-216.0,124.0,62.0
-197.0,97.0,99.0
-162.0,128.0,260.0
-60.0,226.0,570.0
-59.0,151.0,826.0
-29.0,221.0,1040.0
16.0,322.0,1208.0
25.0,323.0,1405.0
-1.0,274.0,1563.0
-44.0,398.0,1978.0
-105.0,259.0,1903.0
-136.0,222.0,1972.0
-146.0,292.0,1680.0
-140.0,305.0,1685.0
-137.0,307.0,1633.0
-68.0,490.0,1536.0
-69.0,385.0,1505.0
-39.0,309.0,1487.0
-62.0,36.0,1342.0
-61.0,90.0,1207.0
-105.0,147.0,1071.0
-184.0,148.0,822.0
-230.0,72.0,808.0
-246.0,187.0,672.0
-346.0,-22.0,780.0
-368.0,87.0,731.0
-396.0,194.0,667.0
-496.0,90.0,732.0
-491.0,228.0,575.0
-487.0,220.0,448.0
-554.0,116.0,244.0
-561.0,220.0,314.0
-597.0,280.0,374.0
-650.0,404.0,556.0
-665.0,406.0,568.0
-682.0,421.0,581.0
-720.0,328.0,558.0
-722.0,301.0,604.0
-647.0,568.0,744.0
-772.0,248.0,846.0
-747.0,289.0,753.0
-744.0,284.0,662.0
-742.0,342.0,650.0
-718.0,310.0,588.0
-699.0,315.0,679.0
-720.0,326.0,698.0
-713.0,388.0,743.0
-705.0,344.0,650.0
-656.0,336.0,608.0
-683.0,341.0,635.0
-696.0,382.0,633.0


















 -,-,-
-818.0,489.0,397.0
-801.0,427.0,425.0
-778.0,474.0,560.0
-776.0,439.0,510.0
-776.0,410.0,477.0
-786.0,298.0,488.0
-788.0,258.0,508.0
-775.0,251.0,486.0
-692.0,306.0,362.0
-630.0,343.0,290.0
-560.0,359.0,202.0
-418.0,274.0,80.0
-383.0,299.0,159.0
-348.0,279.0,239.0
-290.0,266.0,194.0
-239.0,190.0,458.0
-186.0,116.0,668.0
-50.0,318.0,690.0
-3.0,173.0,737.0
11.0,96.0,956.0
58.0,-48.0,1856.0
19.0,-1.0,1662.0
-51.0,29.0,1851.0
-194.0,320.0,2040.0
-188.0,461.0,1962.0
-165.0,554.0,1825.0
-106.0,512.0,1652.0
-64.0,481.0,1619.0
-37.0,377.0,1608.0
0.0,328.0,1652.0
-19.0,193.0,1635.0
-11.0,201.0,1608.0
-6.0,76.0,1486.0
-13.0,148.0,1335.0
-29.0,150.0,1174.0
-90.0,90.0,656.0
-105.0,-39.0,539.0
-129.0,-132.0,294.0
-180.0,66.0,58.0
-248.0,-47.0,2.0
-261.0,25.0,200.0
-288.0,258.0,116.0
-310.0,181.0,136.0
-299.0,277.0,102.0
-292.0,182.0,-20.0
-181.0,240.0,121.0
-112.0,190.0,339.0
78.0,468.0,460.0
175.0,296.0,465.0
194.0,-33.0,907.0
398.0,500.0,1056.0
353.0,223.0,1361.0
367.0,292.0,1344.0
418.0,586.0,1988.0
338.0,532.0,2014.0
307.0,609.0,2015.0
192.0,174.0,2040.0
166.0,207.0,2038.0
158.0,360.0,1841.0
104.0,412.0,1720.0
157.0,337.0,1753.0
193.0,195.0,1759.0
306.0,78.0,1592.0
284.0,76.0,1372.0
263.0,124.0,1194.0
74.0,-86.0,974.0
80.0,19.0,742.0
4.0,106.0,619.0
-122.0,112.0,356.0
-192.0,180.0,359.0
-235.0,235.0,299.0
-398.0,174.0,482.0
-391.0,188.0,466.0
-444.0,252.0,520.0
-506.0,358.0,440.0
-518.0,339.0,491.0
-518.0,386.0,475.0
-532.0,446.0,652.0
-549.0,505.0,606.0
-573.0,492.0,718.0
-566.0,420.0,694.0
-577.0,420.0,768.0
-579.0,454.0,769.0
-610.0,244.0,766.0
-584.0,321.0,777.0
-597.0,458.0,788.0
-606.0,380.0,894.0
-601.0,381.0,911.0
-593.0,412.0,720.0
-596.0,330.0,522.0
-610.0,359.0,539.0
-567.0,483.0,905.0
-616.0,266.0,664.0
-580.0,432.0,718.0
-596.0,342.0,675.0
-608.0,376.0,624.0
-603.0,369.0,592.0
-618.0,366.0,736.0
-628.0,422.0,450.0
-618.0,436.0,670.0
-632.0,406.0,617.0
-616.0,346.0,752.0
-623.0,371.0,754.0


















 -,-,-
-720.0,471.0,428.0
-757.0,422.0,425.0
-802.0,346.0,464.0
-809.0,345.0,496.0
-802.0,381.0,475.0
-788.0,406.0,498.0
-786.0,346.0,519.0
-776.0,283.0,536.0
-702.0,272.0,358.0
-685.0,262.0,326.0
-623.0,244.0,305.0
-432.0,228.0,176.0
-399.0,190.0,227.0
-321.0,221.0,292.0
-146.0,130.0,126.0
-70.0,74.0,234.0
-14.0,3.0,439.0
120.0,186.0,704.0
135.0,81.0,785.0
196.0,147.0,990.0
98.0,-40.0,1714.0
42.0,-63.0,1877.0
20.0,5.0,1959.0
-34.0,-106.0,2040.0
-59.0,-27.0,2040.0
-61.0,71.0,1872.0
2.0,278.0,1588.0
18.0,293.0,1659.0
57.0,281.0,1647.0
32.0,20.0,1874.0
76.0,138.0,1762.0
60.0,122.0,1570.0
6.0,90.0,1216.0
10.0,141.0,1093.0
-48.0,10.0,1060.0
-98.0,-134.0,872.0
-88.0,43.0,695.0
-126.0,26.0,519.0
-184.0,32.0,264.0
-235.0,-53.0,169.0
-276.0,-17.0,139.0
-272.0,190.0,116.0
-269.0,118.0,75.0
-270.0,114.0,140.0
-160.0,318.0,124.0
-150.0,196.0,165.0
-117.0,208.0,295.0
0.0,214.0,308.0
-3.0,25.0,605.0
63.0,105.0,685.0
112.0,12.0,1346.0
175.0,44.0,1347.0
143.0,11.0,1651.0
166.0,238.0,1660.0
92.0,-43.0,1845.0
-30.0,-233.0,1943.0
-172.0,-82.0,2010.0
-170.0,-71.0,1934.0
-140.0,-4.0,1919.0
-64.0,104.0,1706.0
-24.0,149.0,1702.0
5.0,78.0,1738.0
114.0,8.0,1868.0
107.0,-59.0,1686.0
127.0,-100.0,1436.0
68.0,-144.0,944.0
41.0,-55.0,851.0
-30.0,-141.0,814.0
-118.0,78.0,574.0
-163.0,68.0,503.0
-217.0,81.0,377.0
-356.0,-42.0,368.0
-361.0,40.0,321.0
-385.0,101.0,303.0
-490.0,282.0,436.0
-492.0,275.0,338.0
-519.0,292.0,450.0
-578.0,272.0,704.0
-589.0,363.0,669.0
-608.0,440.0,774.0
-606.0,550.0,696.0
-612.0,469.0,749.0
-617.0,459.0,769.0
-626.0,246.0,864.0
-632.0,254.0,826.0
-623.0,242.0,844.0
-556.0,676.0,548.0
-587.0,496.0,675.0
-593.0,338.0,677.0
-540.0,512.0,1036.0
-586.0,308.0,898.0
-599.0,364.0,800.0
-588.0,510.0,666.0
-604.0,435.0,786.0
-582.0,312.0,722.0
-582.0,398.0,708.0
-564.0,395.0,751.0
-583.0,352.0,799.0
-586.0,300.0,680.0
-582.0,295.0,694.0
-572.0,322.0,674.0
-650.0,270.0,836.0
-632.0,301.0,825.0


















 -,-,-
-899.0,369.0,338.0
-880.0,381.0,273.0
-800.0,636.0,522.0
-827.0,505.0,575.0
-846.0,384.0,595.0
-844.0,260.0,538.0
-832.0,283.0,471.0
-801.0,314.0,368.0
-712.0,288.0,210.0
-670.0,244.0,134.0
-595.0,191.0,109.0
-370.0,126.0,198.0
-263.0,182.0,220.0
-141.0,226.0,139.0
-24.0,-58.0,-82.0
87.0,43.0,167.0
130.0,-24.0,374.0
160.0,-224.0,1270.0
9.0,-291.0,1540.0
-49.0,159.0,1641.0
108.0,326.0,1200.0
-54.0,-209.0,1620.0
-170.0,-311.0,1830.0
-300.0,-10.0,2040.0
-285.0,-37.0,1964.0
-248.0,136.0,1999.0
-168.0,112.0,1600.0
-127.0,202.0,1657.0
-105.0,157.0,1638.0
-104.0,58.0,1728.0
-120.0,27.0,1629.0
-123.0,4.0,1508.0
-96.0,-36.0,768.0
-104.0,-38.0,674.0
-157.0,-147.0,648.0
-132.0,-10.0,234.0
-140.0,60.0,186.0
-190.0,-18.0,143.0
-248.0,2.0,98.0
-227.0,88.0,107.0
-231.0,26.0,87.0
-238.0,-22.0,12.0
-211.0,2.0,75.0
-168.0,77.0,208.0
-50.0,330.0,834.0
-81.0,225.0,580.0
-26.0,127.0,693.0
68.0,238.0,942.0
69.0,174.0,1324.0
56.0,203.0,1351.0
8.0,182.0,1906.0
-7.0,246.0,1898.0
-33.0,293.0,1957.0
-230.0,176.0,1836.0
-238.0,214.0,1899.0
-201.0,307.0,1804.0
-176.0,378.0,1606.0
-156.0,393.0,1690.0
-113.0,432.0,1603.0
-66.0,332.0,1688.0
-61.0,198.0,1686.0
-35.0,123.0,1598.0
18.0,-38.0,1138.0
6.0,-48.0,1028.0
-15.0,-51.0,801.0
-94.0,2.0,608.0
-112.0,-15.0,537.0
-175.0,-30.0,490.0
-308.0,-42.0,440.0
-342.0,21.0,475.0
-364.0,166.0,465.0
-500.0,176.0,526.0
-502.0,248.0,574.0
-508.0,202.0,599.0
-510.0,234.0,624.0
-518.0,294.0,617.0
-563.0,350.0,663.0
-628.0,394.0,890.0
-619.0,447.0,804.0
-642.0,382.0,784.0
-666.0,272.0,890.0
-584.0,631.0,868.0
-596.0,271.0,784.0
-610.0,164.0,788.0
-589.0,202.0,680.0
-599.0,101.0,744.0
-610.0,230.0,692.0
-633.0,319.0,839.0
-625.0,390.0,806.0
-584.0,324.0,842.0
-625.0,287.0,777.0
-613.0,295.0,747.0
-638.0,430.0,946.0
-623.0,330.0,876.0
-626.0,327.0,735.0
-594.0,130.0,836.0
-608.0,188.0,812.0
-602.0,258.0,821.0
-580.0,352.0,740.0
-583.0,310.0,757.0
-587.0,288.0,780.0
-624.0,320.0,806.0
-617.0,302.0,794.0
-612.0,264.0,768.0


















 -,-,-
-814.0,365.0,599.0
-801.0,385.0,510.0
-858.0,-14.0,396.0
-832.0,170.0,507.0
-822.0,316.0,540.0
-780.0,512.0,328.0
-757.0,540.0,331.0
-750.0,471.0,376.0
-764.0,264.0,560.0
-746.0,257.0,561.0
-729.0,266.0,497.0
-620.0,326.0,384.0
-527.0,313.0,295.0
-403.0,314.0,122.0
-198.0,224.0,-102.0
-189.0,250.0,103.0
-111.0,225.0,-70.0
0.0,-142.0,1016.0
-9.0,-129.0,866.0
-15.0,-27.0,907.0
-30.0,-68.0,1404.0
-144.0,-122.0,1604.0
-268.0,-132.0,1822.0
-584.0,-392.0,2040.0
-552.0,-328.0,2040.0
-488.0,-104.0,1877.0
-302.0,294.0,1286.0
-280.0,230.0,1387.0
-241.0,185.0,1473.0
-218.0,214.0,1550.0
-244.0,119.0,1648.0
-242.0,120.0,1699.0
-248.0,74.0,1584.0
-233.0,147.0,1559.0
-241.0,36.0,1405.0
-226.0,42.0,1152.0
-220.0,-32.0,982.0
-194.0,-134.0,587.0
-214.0,-192.0,234.0
-199.0,-83.0,119.0
-248.0,-32.0,30.0
-324.0,48.0,24.0
-340.0,27.0,74.0
-329.0,64.0,64.0
-334.0,158.0,-46.0
-310.0,137.0,-31.0
-278.0,128.0,67.0
-186.0,170.0,548.0
-183.0,116.0,512.0
-138.0,95.0,584.0
-48.0,38.0,788.0
-4.0,-70.0,834.0
20.0,-52.0,977.0
112.0,-82.0,1502.0
59.0,-69.0,1528.0
23.0,-142.0,1784.0
-40.0,-40.0,1890.0
-40.0,-163.0,1877.0
-112.0,-269.0,1885.0
-232.0,-300.0,1788.0
-182.0,-191.0,1608.0
-142.0,-180.0,1464.0
-46.0,-106.0,1612.0
-35.0,-72.0,1584.0
-42.0,-39.0,1736.0
-18.0,82.0,1620.0
-24.0,27.0,1620.0
-6.0,-49.0,1502.0
-10.0,-262.0,1338.0
-13.0,-302.0,1220.0
-18.0,-314.0,1099.0
-90.0,-368.0,796.0
-65.0,-160.0,665.0
-112.0,-92.0,535.0
-168.0,70.0,308.0
-222.0,35.0,365.0
-283.0,-85.0,376.0
-414.0,-140.0,620.0
-458.0,-163.0,596.0
-493.0,-115.0,655.0
-580.0,100.0,680.0
-596.0,118.0,695.0
-613.0,133.0,782.0
-574.0,296.0,886.0
-601.0,192.0,809.0
-622.0,133.0,835.0
-610.0,106.0,784.0
-625.0,153.0,807.0
-611.0,280.0,811.0
-646.0,-80.0,748.0
-609.0,-52.0,733.0
-616.0,17.0,741.0
-662.0,-14.0,962.0
-634.0,32.0,940.0
-613.0,71.0,898.0
-664.0,140.0,808.0
-634.0,149.0,829.0
-628.0,110.0,813.0
-616.0,178.0,950.0
-623.0,178.0,872.0
-607.0,135.0,767.0
-598.0,122.0,824.0
-625.0,141.0,747.0


















 -,-,-
-813.0,398.0,458.0
-805.0,445.0,327.0
-722.0,432.0,590.0
-773.0,399.0,545.0
-775.0,490.0,465.0
-792.0,510.0,424.0
-792.0,449.0,481.0
-782.0,391.0,453.0
-724.0,350.0,326.0
-690.0,330.0,316.0
-612.0,331.0,256.0
-326.0,412.0,64.0
-280.0,339.0,49.0
-212.0,281.0,95.0
-122.0,120.0,184.0
-87.0,171.0,84.0
-18.0,177.0,285.0
152.0,-42.0,746.0
111.0,-170.0,991.0
142.0,-87.0,1183.0
32.0,-432.0,1712.0
62.0,-103.0,1872.0
-33.0,-214.0,1956.0
-278.0,-262.0,2040.0
-307.0,-39.0,2040.0
-275.0,173.0,1925.0
-192.0,228.0,1682.0
-139.0,191.0,1691.0
-83.0,151.0,1712.0
-30.0,34.0,1750.0
-17.0,67.0,1783.0
-28.0,40.0,1721.0
-48.0,-2.0,1812.0
-24.0,0.0,1662.0
-26.0,-53.0,1353.0
-28.0,54.0,740.0
-26.0,-7.0,442.0
-31.0,-22.0,303.0
-62.0,-140.0,-2.0
-89.0,-88.0,-136.0
-139.0,-80.0,-84.0
-218.0,-14.0,186.0
-232.0,18.0,189.0
-238.0,82.0,136.0
-188.0,222.0,152.0
-131.0,198.0,216.0
-84.0,118.0,287.0
22.0,48.0,800.0
138.0,205.0,635.0
232.0,-126.0,735.0
358.0,-210.0,1228.0
344.0,-354.0,1473.0
292.0,-366.0,1733.0
156.0,10.0,2040.0
98.0,-13.0,2040.0
69.0,-116.0,1922.0
16.0,-342.0,1936.0
46.0,-226.0,1768.0
89.0,-155.0,1574.0
170.0,-26.0,1258.0
171.0,-12.0,1241.0
157.0,32.0,1327.0
120.0,154.0,1640.0
100.0,94.0,1691.0
106.0,65.0,1704.0
106.0,-44.0,1546.0
112.0,-16.0,1478.0
109.0,-24.0,1351.0
44.0,-294.0,1284.0
32.0,-274.0,1157.0
20.0,-133.0,938.0
-82.0,-44.0,534.0
-116.0,-8.0,490.0
-163.0,19.0,408.0
-278.0,-38.0,276.0
-308.0,9.0,297.0
-370.0,13.0,266.0
-494.0,204.0,486.0
-529.0,203.0,513.0
-583.0,220.0,488.0
-614.0,336.0,864.0
-630.0,283.0,793.0
-636.0,348.0,838.0
-640.0,102.0,804.0
-614.0,221.0,798.0
-629.0,332.0,774.0
-662.0,150.0,896.0
-660.0,225.0,705.0
-663.0,196.0,783.0
-650.0,42.0,768.0
-636.0,240.0,683.0
-628.0,220.0,741.0
-622.0,288.0,670.0
-614.0,230.0,727.0
-614.0,232.0,762.0
-626.0,232.0,770.0
-619.0,183.0,793.0


















 -,-,-
-832.0,341.0,420.0
-822.0,499.0,326.0
-862.0,696.0,590.0
-857.0,688.0,687.0
-851.0,577.0,584.0
-798.0,448.0,340.0
-770.0,408.0,394.0
-725.0,345.0,321.0
-570.0,344.0,166.0
-530.0,327.0,144.0
-484.0,309.0,149.0
-358.0,362.0,134.0
-281.0,390.0,73.0
-177.0,350.0,33.0
54.0,42.0,-20.0
99.0,32.0,60.0
192.0,38.0,176.0
318.0,70.0,890.0
299.0,19.0,1042.0
288.0,-38.0,1484.0
-70.0,-710.0,2040.0
-144.0,-416.0,2040.0
-229.0,-112.0,2040.0
-318.0,246.0,2038.0
-290.0,120.0,1955.0
-211.0,135.0,1763.0
-54.0,296.0,1444.0
-51.0,294.0,1559.0
-60.0,231.0,1753.0
-50.0,186.0,1650.0
-40.0,215.0,1697.0
-28.0,169.0,1644.0
24.0,108.0,1470.0
7.0,19.0,1314.0
1.0,-23.0,1063.0
-112.0,-244.0,456.0
-95.0,-205.0,417.0
-151.0,-286.0,358.0
-200.0,-60.0,84.0
-224.0,-23.0,210.0
-254.0,-68.0,120.0
-254.0,110.0,76.0
-224.0,158.0,65.0
-226.0,20.0,10.0
-132.0,144.0,216.0
-75.0,179.0,197.0
6.0,181.0,312.0
34.0,78.0,694.0
115.0,173.0,706.0
156.0,34.0,796.0
216.0,-18.0,1516.0
131.0,-349.0,1659.0
65.0,-206.0,1832.0
-154.0,-394.0,2040.0
-171.0,-183.0,2040.0
-218.0,-251.0,2040.0
-208.0,-296.0,1666.0
-156.0,-238.0,1528.0
-107.0,-182.0,1495.0
-56.0,-64.0,1338.0
-70.0,-74.0,1485.0
-70.0,-44.0,1550.0
-100.0,-78.0,1780.0
-83.0,-53.0,1733.0
-49.0,-110.0,1620.0
4.0,-198.0,1184.0
8.0,-241.0,1143.0
6.0,-213.0,940.0
-64.0,-276.0,658.0
-72.0,-177.0,605.0
-117.0,-101.0,501.0
-274.0,6.0,410.0
-293.0,34.0,444.0
-350.0,20.0,466.0
-450.0,138.0,466.0
-468.0,150.0,475.0
-505.0,129.0,455.0
-536.0,142.0,702.0
-556.0,135.0,639.0
-571.0,127.0,738.0
-612.0,258.0,722.0
-613.0,255.0,810.0
-625.0,293.0,805.0
-650.0,276.0,1126.0
-645.0,234.0,955.0
-628.0,159.0,895.0
-626.0,64.0,720.0
-606.0,164.0,824.0
-622.0,61.0,768.0
-612.0,370.0,964.0
-611.0,288.0,894.0
-596.0,278.0,899.0
-566.0,214.0,790.0
-585.0,165.0,781.0
-597.0,135.0,800.0
-604.0,246.0,812.0
-593.0,126.0,830.0
-586.0,146.0,788.0
-602.0,164.0,764.0
-610.0,188.0,795.0


















 -,-,-
-858.0,411.0,431.0
-807.0,478.0,333.0
-776.0,458.0,406.0
-766.0,450.0,430.0
-777.0,438.0,433.0
-768.0,520.0,310.0
-769.0,549.0,325.0
-750.0,530.0,354.0
-628.0,500.0,306.0
-570.0,444.0,185.0
-485.0,364.0,131.0
-292.0,212.0,66.0
-252.0,224.0,-7.0
-166.0,250.0,31.0
-52.0,-50.0,254.0
-18.0,-19.0,450.0
-10.0,90.0,694.0
-6.0,118.0,1166.0
-39.0,155.0,1369.0
-117.0,164.0,1573.0
-314.0,302.0,2038.0
-388.0,116.0,2039.0
-428.0,126.0,2040.0
-342.0,520.0,2020.0
-319.0,430.0,1933.0
-260.0,481.0,1742.0
-154.0,486.0,1560.0
-155.0,464.0,1622.0
-156.0,374.0,1712.0
-158.0,30.0,1654.0
-171.0,3.0,1583.0
-162.0,30.0,1449.0
-202.0,2.0,1042.0
-192.0,-48.0,951.0
-201.0,-99.0,604.0
-182.0,-92.0,234.0
-182.0,-23.0,118.0
-181.0,90.0,-5.0
-240.0,54.0,124.0
-234.0,97.0,93.0
-238.0,176.0,119.0
-300.0,54.0,-14.0
-263.0,53.0,49.0
-190.0,131.0,218.0
-42.0,180.0,326.0
-10.0,163.0,389.0
17.0,95.0,455.0
88.0,20.0,1046.0
43.0,-41.0,1182.0
65.0,186.0,1392.0
-64.0,-122.0,1430.0
-103.0,-118.0,1735.0
-187.0,-38.0,1888.0
-398.0,-314.0,2040.0
-347.0,-78.0,1980.0
-267.0,59.0,1791.0
-170.0,-74.0,1744.0
-149.0,-4.0,1627.0
-143.0,39.0,1640.0
-146.0,56.0,1736.0
-127.0,75.0,1636.0
-104.0,80.0,1592.0
-60.0,34.0,1342.0
-51.0,-8.0,1295.0
-55.0,-54.0,1086.0
-52.0,22.0,810.0
-84.0,9.0,662.0
-104.0,-56.0,520.0
-148.0,96.0,468.0
-186.0,42.0,334.0
-235.0,60.0,270.0
-374.0,142.0,648.0
-413.0,156.0,607.0
-469.0,198.0,689.0
-534.0,276.0,700.0
-542.0,322.0,710.0
-538.0,389.0,722.0
-534.0,408.0,842.0
-527.0,335.0,851.0
-542.0,255.0,903.0
-552.0,350.0,802.0
-562.0,296.0,867.0
-556.0,288.0,883.0
-516.0,236.0,874.0
-537.0,257.0,822.0
-545.0,265.0,804.0
-564.0,258.0,714.0
-562.0,446.0,944.0
-568.0,311.0,862.0
-510.0,240.0,762.0
-514.0,233.0,852.0
-519.0,323.0,747.0
-558.0,228.0,834.0
-554.0,238.0,823.0
-547.0,269.0,850.0
-612.0,272.0,708.0
-593.0,268.0,822.0
-574.0,296.0,762.0
-576.0,278.0,828.0
-556.0,321.0,820.0
-564.0,254.0,853.0
-570.0,310.0,806.0


















 -,-,-
-744.0,461.0,482.0
-736.0,415.0,502.0
-732.0,420.0,466.0
-722.0,396.0,442.0
-732.0,407.0,440.0
-758.0,406.0,516.0
-749.0,401.0,493.0
-702.0,456.0,501.0
-594.0,418.0,434.0
-521.0,385.0,363.0
-385.0,366.0,207.0
-154.0,188.0,-144.0
-120.0,229.0,-46.0
-70.0,238.0,35.0
18.0,112.0,490.0
70.0,75.0,627.0
63.0,-148.0,817.0
76.0,-24.0,1156.0
39.0,-22.0,1330.0
25.0,-50.0,1597.0
-310.0,-246.0,2040.0
-318.0,-26.0,2040.0
-366.0,0.0,2039.0
-352.0,64.0,1948.0
-284.0,206.0,1806.0
-201.0,328.0,1630.0
-76.0,364.0,1548.0
-75.0,353.0,1623.0
-72.0,327.0,1653.0
-30.0,280.0,1668.0
-43.0,170.0,1622.0
-74.0,130.0,1500.0
-110.0,42.0,1482.0
-95.0,-85.0,1300.0
-116.0,-243.0,910.0
-128.0,-232.0,450.0
-129.0,-208.0,408.0
-159.0,-145.0,174.0
-248.0,36.0,290.0
-262.0,-11.0,251.0
-244.0,57.0,189.0
-224.0,66.0,46.0
-209.0,99.0,33.0
-149.0,111.0,-11.0
-46.0,-36.0,48.0
-15.0,3.0,247.0
44.0,151.0,371.0
158.0,-94.0,706.0
182.0,-132.0,939.0
179.0,-207.0,1095.0
146.0,44.0,2006.0
145.0,57.0,1929.0
28.0,-76.0,1985.0
-134.0,94.0,2040.0
-152.0,27.0,2040.0
-104.0,65.0,1798.0
-16.0,48.0,1480.0
8.0,62.0,1438.0
19.0,65.0,1485.0
12.0,128.0,1656.0
14.0,152.0,1743.0
9.0,78.0,1749.0
14.0,-56.0,1722.0
29.0,-83.0,1582.0
36.0,-141.0,1332.0
44.0,-268.0,1036.0
35.0,-288.0,889.0
16.0,-153.0,812.0
-72.0,-102.0,476.0
-83.0,-19.0,496.0
-101.0,64.0,530.0
-220.0,-110.0,340.0
-259.0,-10.0,464.0
-323.0,36.0,507.0
-484.0,84.0,652.0
-480.0,176.0,774.0
-490.0,219.0,696.0
-526.0,180.0,672.0
-498.0,285.0,681.0
-508.0,219.0,729.0
-610.0,498.0,1356.0
-573.0,422.0,1034.0
-569.0,125.0,1036.0
-540.0,192.0,672.0
-542.0,355.0,786.0
-533.0,302.0,812.0
-542.0,190.0,836.0
-532.0,210.0,834.0
-543.0,217.0,884.0
-536.0,336.0,890.0
-534.0,319.0,849.0
-539.0,278.0,825.0
-510.0,304.0,892.0
-525.0,277.0,896.0
-511.0,287.0,785.0
-518.0,324.0,770.0
-539.0,236.0,749.0
-555.0,239.0,828.0
-584.0,236.0,786.0


















 -,-,-
-790.0,180.0,642.0
-760.0,248.0,545.0
-790.0,276.0,620.0
-791.0,256.0,612.0
-773.0,259.0,585.0
-758.0,242.0,544.0
-747.0,191.0,536.0
-729.0,267.0,518.0
-650.0,258.0,454.0
-572.0,247.0,367.0
-429.0,230.0,263.0
-110.0,68.0,-232.0
-86.0,81.0,-141.0
-56.0,179.0,116.0
136.0,280.0,706.0
122.0,69.0,824.0
119.0,-80.0,1080.0
0.0,-138.0,1012.0
-18.0,-307.0,1340.0
28.0,-327.0,1690.0
-132.0,-114.0,1998.0
-155.0,-46.0,1957.0
-117.0,110.0,1989.0
-48.0,14.0,1952.0
-15.0,-25.0,1830.0
43.0,73.0,1706.0
78.0,288.0,1334.0
64.0,299.0,1461.0
44.0,261.0,1645.0
10.0,134.0,1976.0
11.0,61.0,1921.0
55.0,-18.0,1691.0
56.0,-324.0,990.0
25.0,-332.0,857.0
-8.0,-270.0,623.0
-158.0,-160.0,276.0
-178.0,-194.0,235.0
-236.0,-125.0,222.0
-284.0,228.0,116.0
-291.0,206.0,58.0
-269.0,218.0,108.0
-234.0,108.0,-6.0
-212.0,158.0,-32.0
-161.0,188.0,99.0
-102.0,128.0,486.0
-62.0,211.0,527.0
-51.0,168.0,693.0
-88.0,-40.0,1138.0
-49.0,-150.0,939.0
-72.0,-178.0,974.0
42.0,368.0,1404.0
20.0,121.0,1586.0
3.0,111.0,1813.0
-28.0,82.0,1864.0
-78.0,-75.0,1952.0
-136.0,-256.0,1916.0
-136.0,-62.0,1616.0
-110.0,7.0,1581.0
-107.0,129.0,1625.0
-140.0,330.0,1642.0
-134.0,318.0,1745.0
-90.0,147.0,1673.0
-18.0,-16.0,1586.0
-1.0,-65.0,1426.0
22.0,-51.0,1186.0
14.0,-210.0,740.0
16.0,-197.0,717.0
-9.0,-220.0,657.0
-144.0,-202.0,480.0
-170.0,-83.0,539.0
-231.0,-152.0,521.0
-362.0,0.0,670.0
-379.0,102.0,595.0
-419.0,185.0,585.0
-480.0,346.0,736.0
-480.0,301.0,799.0
-501.0,177.0,723.0
-524.0,90.0,736.0
-522.0,64.0,756.0
-541.0,91.0,749.0
-506.0,326.0,822.0
-548.0,261.0,821.0
-569.0,-4.0,947.0
-588.0,-198.0,542.0
-575.0,-19.0,728.0
-582.0,145.0,853.0
-564.0,110.0,834.0
-571.0,106.0,807.0
-582.0,126.0,853.0
-554.0,202.0,770.0
-544.0,190.0,820.0
-546.0,224.0,844.0
-568.0,90.0,820.0
-566.0,105.0,889.0


















 -,-,-
-603.0,314.0,717.0
-634.0,214.0,871.0
-610.0,332.0,762.0
-647.0,327.0,744.0
-669.0,273.0,650.0
-650.0,188.0,506.0
-638.0,192.0,594.0
-635.0,187.0,664.0
-598.0,286.0,730.0
-575.0,265.0,683.0
-549.0,236.0,655.0
-426.0,306.0,414.0
-392.0,305.0,380.0
-378.0,250.0,382.0
-234.0,42.0,618.0
-229.0,123.0,463.0
-132.0,269.0,519.0
-38.0,-128.0,612.0
50.0,-15.0,608.0
143.0,5.0,584.0
194.0,-384.0,1262.0
269.0,-106.0,1189.0
249.0,-327.0,1520.0
254.0,-574.0,1924.0
206.0,-257.0,1963.0
190.0,-149.0,1978.0
34.0,-278.0,2040.0
107.0,-50.0,1823.0
97.0,-139.0,1791.0
204.0,110.0,1540.0
247.0,110.0,1751.0
263.0,-57.0,1788.0
318.0,44.0,1548.0
308.0,0.0,1607.0
290.0,-124.0,1483.0
146.0,-104.0,960.0
128.0,-192.0,958.0
100.0,-65.0,874.0
42.0,-64.0,500.0
19.0,-83.0,315.0
-35.0,13.0,379.0
-102.0,46.0,-78.0
-115.0,26.0,-145.0
-146.0,-33.0,-152.0
-118.0,142.0,62.0
-88.0,175.0,136.0
-70.0,134.0,188.0
52.0,298.0,774.0
44.0,215.0,897.0
93.0,237.0,1058.0
-10.0,-170.0,1164.0
93.0,7.0,849.0
213.0,-129.0,1034.0
344.0,-192.0,1280.0
421.0,-179.0,1425.0
421.0,-142.0,1599.0
398.0,-394.0,2034.0
330.0,-361.0,1902.0
286.0,-282.0,1907.0
262.0,-244.0,1728.0
270.0,-248.0,1679.0
298.0,-159.0,1641.0
308.0,44.0,1626.0
284.0,37.0,1491.0
268.0,35.0,1526.0
272.0,-262.0,1416.0
295.0,-234.0,1383.0
317.0,-169.0,1243.0
266.0,-194.0,980.0
230.0,-53.0,798.0
171.0,22.0,766.0
-50.0,-184.0,656.0
-18.0,-35.0,765.0
-90.0,-100.0,735.0
-162.0,316.0,646.0
-231.0,224.0,712.0
-279.0,139.0,707.0
-362.0,172.0,668.0
-374.0,168.0,656.0
-389.0,194.0,702.0
-426.0,196.0,736.0
-427.0,139.0,766.0
-433.0,124.0,749.0
-484.0,46.0,862.0
-434.0,569.0,1031.0
-444.0,272.0,931.0
-420.0,-54.0,884.0
-445.0,28.0,878.0
-456.0,230.0,940.0
-442.0,206.0,930.0
-444.0,202.0,918.0
-446.0,223.0,907.0
-460.0,166.0,962.0
-442.0,205.0,964.0
-439.0,222.0,938.0
-424.0,146.0,980.0
-429.0,241.0,965.0
-436.0,207.0,986.0
-432.0,310.0,922.0
-446.0,321.0,972.0
-427.0,340.0,877.0
-442.0,216.0,908.0
-451.0,200.0,903.0
-421.0,244.0,893.0
-454.0,116.0,1008.0
-439.0,207.0,959.0
-443.0,239.0,958.0
-464.0,110.0,940.0
-457.0,230.0,966.0
-459.0,205.0,947.0
-456.0,134.0,886.0
-439.0,200.0,897.0
-449.0,170.0,904.0
-432.0,302.0,906.0
-438.0,253.0,911.0
-441.0,247.0,964.0
-432.0,280.0,966.0
-428.0,243.0,948.0


















 -,-,-
-753.0,304.0,683.0
-751.0,262.0,655.0
-712.0,450.0,620.0
-712.0,504.0,689.0
-720.0,440.0,631.0
-724.0,270.0,518.0
-727.0,224.0,525.0
-714.0,223.0,563.0
-686.0,222.0,720.0
-680.0,212.0,700.0
-655.0,237.0,635.0
-518.0,318.0,410.0
-472.0,296.0,312.0
-411.0,220.0,276.0
-230.0,74.0,154.0
-194.0,95.0,228.0
-107.0,220.0,443.0
-14.0,-48.0,432.0
57.0,105.0,520.0
135.0,135.0,780.0
216.0,-38.0,1304.0
216.0,-9.0,1406.0
202.0,-80.0,1495.0
102.0,-212.0,2036.0
21.0,-205.0,2038.0
-34.0,-106.0,2025.0
-142.0,126.0,1896.0
-98.0,156.0,1843.0
-38.0,192.0,1854.0
64.0,56.0,1698.0
110.0,136.0,1652.0
106.0,75.0,1693.0
196.0,292.0,1696.0
161.0,127.0,1623.0
170.0,146.0,1625.0
144.0,-10.0,966.0
105.0,-94.0,936.0
97.0,39.0,685.0
-32.0,-222.0,294.0
-62.0,-171.0,178.0
-123.0,-173.0,71.0
-248.0,-10.0,14.0
-242.0,117.0,115.0
-242.0,129.0,89.0
-212.0,94.0,14.0
-169.0,171.0,53.0
-121.0,93.0,152.0
64.0,194.0,508.0
96.0,112.0,559.0
141.0,17.0,714.0
300.0,20.0,886.0
298.0,-137.0,1141.0
351.0,-176.0,1220.0
300.0,-248.0,2040.0
299.0,-118.0,1941.0
224.0,-301.0,1991.0
102.0,-24.0,1800.0
126.0,73.0,1776.0
173.0,17.0,1672.0
170.0,-346.0,1340.0
222.0,-230.0,1271.0
227.0,-106.0,1290.0
218.0,76.0,1488.0
222.0,118.0,1432.0
199.0,33.0,1555.0
226.0,-30.0,1558.0
217.0,-49.0,1564.0
215.0,-52.0,1468.0
146.0,-240.0,1168.0
132.0,-171.0,1091.0
107.0,-136.0,1042.0
6.0,-150.0,708.0
-21.0,-107.0,734.0
-69.0,-72.0,662.0
-156.0,0.0,560.0
-174.0,38.0,523.0
-209.0,99.0,547.0
-292.0,208.0,588.0
-298.0,227.0,620.0
-349.0,123.0,649.0
-444.0,96.0,720.0
-431.0,124.0,733.0
-439.0,162.0,751.0
-506.0,240.0,686.0
-502.0,173.0,821.0
-484.0,161.0,859.0
-500.0,94.0,906.0
-486.0,137.0,931.0
-478.0,163.0,896.0
-458.0,174.0,966.0
-463.0,198.0,902.0
-472.0,143.0,899.0
-462.0,194.0,984.0
-458.0,153.0,910.0
-463.0,207.0,978.0
-468.0,168.0,824.0
-467.0,189.0,871.0
-474.0,198.0,907.0
-472.0,154.0,898.0
-465.0,184.0,896.0


















 -,-,-
-642.0,435.0,555.0
-658.0,427.0,641.0
-696.0,616.0,772.0
-701.0,486.0,727.0
-705.0,354.0,627.0
-626.0,356.0,532.0
-611.0,353.0,559.0
-583.0,333.0,541.0
-462.0,384.0,438.0
-393.0,375.0,318.0
-281.0,313.0,207.0
-62.0,136.0,0.0
-1.0,165.0,59.0
85.0,71.0,92.0
232.0,-132.0,528.0
304.0,-43.0,634.0
370.0,-142.0,831.0
332.0,-736.0,1886.0
362.0,-421.0,1963.0
272.0,-466.0,2002.0
-82.0,-464.0,2040.0
-51.0,-94.0,1915.0
-39.0,-38.0,1978.0
-4.0,-24.0,1858.0
27.0,-8.0,1832.0
98.0,55.0,1863.0
212.0,70.0,1886.0
244.0,-30.0,1963.0
293.0,-81.0,1913.0
332.0,-158.0,1692.0
287.0,-302.0,1576.0
256.0,-272.0,1310.0
102.0,-318.0,846.0
75.0,-240.0,645.0
27.0,-142.0,363.0
-82.0,-98.0,-114.0
-114.0,-79.0,-38.0
-159.0,-64.0,-68.0
-236.0,-8.0,72.0
-231.0,77.0,164.0
-211.0,108.0,112.0
-142.0,158.0,-56.0
-90.0,257.0,125.0
-15.0,244.0,231.0
78.0,-144.0,638.0
155.0,55.0,596.0
259.0,-31.0,657.0
460.0,-434.0,816.0
533.0,-273.0,1137.0
519.0,-302.0,1369.0
412.0,-332.0,2040.0
342.0,-181.0,2040.0
283.0,-314.0,2040.0
146.0,-520.0,1952.0
176.0,-281.0,1735.0
191.0,-254.0,1591.0
198.0,-342.0,1282.0
235.0,-151.0,1299.0
246.0,-88.0,1368.0
226.0,-116.0,1620.0
212.0,-92.0,1670.0
208.0,-49.0,1699.0
206.0,82.0,1728.0
211.0,-65.0,1797.0
238.0,-205.0,1694.0
282.0,-274.0,1300.0
243.0,-320.0,1197.0
206.0,-250.0,925.0
50.0,12.0,572.0
43.0,-8.0,530.0
-35.0,-131.0,404.0
-146.0,136.0,402.0
-222.0,126.0,312.0
-274.0,84.0,360.0
-386.0,192.0,308.0
-412.0,178.0,427.0
-431.0,257.0,505.0
-530.0,256.0,688.0
-523.0,295.0,712.0
-528.0,298.0,695.0
-514.0,292.0,876.0
-522.0,382.0,831.0
-543.0,333.0,831.0
-570.0,98.0,938.0
-557.0,189.0,874.0
-540.0,283.0,847.0
-516.0,248.0,796.0
-505.0,320.0,815.0
-523.0,261.0,875.0
-484.0,276.0,848.0
-499.0,270.0,812.0
-507.0,272.0,839.0
-498.0,354.0,848.0
-516.0,271.0,891.0
-522.0,269.0,865.0
-512.0,292.0,848.0
-515.0,259.0,857.0
-516.0,271.0,852.0
-504.0,288.0,842.0
-515.0,269.0,883.0
-505.0,304.0,851.0
-528.0,258.0,860.0
-503.0,279.0,849.0
-511.0,284.0,815.0


















 -,-,-
-784.0,559.0,440.0
-757.0,545.0,440.0
-700.0,364.0,530.0
-693.0,519.0,519.0
-695.0,519.0,464.0
-704.0,422.0,356.0
-703.0,436.0,353.0
-708.0,454.0,407.0
-768.0,314.0,430.0
-761.0,304.0,476.0
-738.0,320.0,475.0
-672.0,392.0,342.0
-583.0,415.0,277.0
-434.0,352.0,147.0
-24.0,228.0,-248.0
96.0,199.0,-343.0
231.0,205.0,13.0
298.0,-46.0,208.0
371.0,66.0,415.0
340.0,117.0,1162.0
-72.0,-98.0,2040.0
-219.0,-16.0,2040.0
-369.0,134.0,2040.0
-518.0,322.0,2040.0
-516.0,371.0,1991.0
-473.0,448.0,1857.0
-322.0,510.0,1646.0
-281.0,513.0,1674.0
-261.0,454.0,1694.0
-162.0,546.0,1736.0
-176.0,441.0,1755.0
-146.0,298.0,1591.0
-148.0,156.0,1438.0
-90.0,13.0,1241.0
-75.0,-29.0,814.0
-122.0,-258.0,206.0
-114.0,-223.0,246.0
-195.0,-232.0,240.0
-314.0,34.0,192.0
-364.0,95.0,192.0
-380.0,180.0,198.0
-282.0,338.0,168.0
-251.0,294.0,89.0
-203.0,195.0,57.0
-60.0,98.0,76.0
-31.0,133.0,191.0
-3.0,69.0,394.0
4.0,244.0,916.0
-10.0,199.0,981.0
-28.0,109.0,1054.0
-194.0,-556.0,1934.0
-202.0,-118.0,1728.0
-222.0,85.0,1884.0
-286.0,344.0,1754.0
-300.0,200.0,1863.0
-277.0,34.0,1784.0
-186.0,-14.0,1222.0
-148.0,-4.0,1243.0
-113.0,-50.0,1204.0
-96.0,-14.0,1214.0
-93.0,106.0,1265.0
-136.0,109.0,1371.0
-230.0,190.0,1714.0
-260.0,196.0,1691.0
-269.0,82.0,1776.0
-238.0,-140.0,1474.0
-228.0,-142.0,1558.0
-179.0,-112.0,1382.0
-132.0,-140.0,1012.0
-124.0,-46.0,884.0
-144.0,-110.0,727.0
-152.0,-6.0,598.0
-170.0,-43.0,435.0
-173.0,124.0,360.0
-270.0,-18.0,360.0
-302.0,40.0,281.0
-382.0,57.0,429.0
-534.0,62.0,456.0
-543.0,152.0,578.0
-580.0,111.0,619.0
-622.0,196.0,934.0
-629.0,237.0,875.0
-614.0,123.0,652.0
-684.0,40.0,894.0
-648.0,-85.0,810.0
-637.0,89.0,878.0
-662.0,366.0,860.0
-657.0,49.0,856.0
-620.0,84.0,804.0
-582.0,256.0,716.0
-592.0,201.0,811.0
-570.0,109.0,854.0
-610.0,262.0,768.0
-613.0,143.0,809.0
-625.0,124.0,811.0
-598.0,152.0,804.0
-609.0,143.0,788.0
-612.0,115.0,807.0
-632.0,44.0,826.0
-618.0,72.0,806.0
-609.0,87.0,794.0
-642.0,128.0,842.0


















 -,-,-
-738.0,355.0,573.0
-748.0,326.0,529.0
-742.0,316.0,582.0
-741.0,355.0,580.0
-740.0,337.0,581.0
-750.0,340.0,570.0
-749.0,328.0,558.0
-738.0,292.0,598.0
-686.0,366.0,538.0
-667.0,369.0,523.0
-627.0,360.0,476.0
-432.0,324.0,328.0
-378.0,284.0,211.0
-291.0,221.0,72.0
-240.0,24.0,608.0
-187.0,39.0,336.0
-132.0,71.0,362.0
42.0,234.0,828.0
51.0,157.0,842.0
23.0,-23.0,1178.0
-62.0,-360.0,1334.0
-39.0,-126.0,1493.0
-101.0,-433.0,1662.0
-176.0,-38.0,2040.0
-143.0,152.0,1875.0
-127.0,184.0,1766.0
-92.0,160.0,1574.0
-33.0,247.0,1434.0
-8.0,100.0,1387.0
14.0,-116.0,1454.0
31.0,16.0,1425.0
24.0,114.0,1532.0
2.0,194.0,1768.0
18.0,224.0,1791.0
36.0,143.0,1634.0
16.0,72.0,1026.0
-19.0,33.0,1083.0
-68.0,-123.0,1118.0
-120.0,-188.0,1010.0
-136.0,-201.0,864.0
-160.0,-220.0,837.0
-202.0,-216.0,354.0
-235.0,-155.0,437.0
-266.0,-55.0,461.0
-368.0,0.0,370.0
-373.0,69.0,403.0
-361.0,116.0,352.0
-328.0,174.0,288.0
-311.0,194.0,311.0
-287.0,162.0,303.0
-154.0,198.0,306.0
-87.0,133.0,394.0
-63.0,80.0,392.0
68.0,440.0,376.0
113.0,323.0,376.0
123.0,-9.0,794.0
112.0,-142.0,1548.0
59.0,-193.0,1528.0
-44.0,-190.0,1784.0
-22.0,516.0,1386.0
-18.0,505.0,1701.0
-37.0,214.0,1850.0
-18.0,54.0,1464.0
27.0,95.0,1426.0
46.0,36.0,1375.0
66.0,-42.0,1272.0
64.0,64.0,1366.0
58.0,159.0,1459.0
-4.0,106.0,1604.0
-2.0,133.0,1665.0
-3.0,142.0,1638.0
10.0,74.0,1436.0
9.0,39.0,1345.0
-3.0,-36.0,1232.0
-26.0,-120.0,1120.0
-43.0,-112.0,959.0
-74.0,-141.0,930.0
-178.0,-110.0,638.0
-170.0,-40.0,679.0
-220.0,-33.0,647.0
-302.0,-128.0,832.0
-334.0,-175.0,768.0
-331.0,-57.0,673.0
-370.0,36.0,632.0
-386.0,36.0,568.0
-398.0,61.0,619.0
-390.0,196.0,466.0
-412.0,254.0,577.0
-465.0,160.0,645.0
-530.0,-8.0,944.0
-516.0,84.0,917.0
-542.0,57.0,957.0
-552.0,198.0,942.0
-539.0,243.0,896.0
-522.0,249.0,918.0
-504.0,302.0,1310.0
-520.0,195.0,1048.0
-515.0,129.0,994.0
-516.0,-78.0,872.0
-513.0,43.0,918.0
-506.0,76.0,901.0
-504.0,68.0,820.0
-493.0,123.0,878.0
-487.0,129.0,849.0
-488.0,110.0,922.0
-492.0,138.0,885.0
-496.0,116.0,918.0
-488.0,112.0,872.0
-492.0,108.0,941.0
-512.0,139.0,889.0


















 -,-,-
-733.0,449.0,669.0
-741.0,307.0,599.0
-758.0,248.0,666.0
-747.0,273.0,584.0
-708.0,368.0,537.0
-732.0,370.0,696.0
-728.0,340.0,674.0
-738.0,296.0,650.0
-728.0,226.0,644.0
-728.0,228.0,698.0
-712.0,252.0,662.0
-656.0,322.0,538.0
-604.0,305.0,478.0
-484.0,274.0,374.0
-162.0,198.0,-218.0
-95.0,66.0,-302.0
-25.0,-29.0,29.0
110.0,354.0,764.0
180.0,292.0,702.0
156.0,63.0,923.0
226.0,-2.0,1306.0
207.0,-133.0,1332.0
169.0,-373.0,1599.0
82.0,-374.0,1350.0
80.0,-505.0,1671.0
-57.0,-824.0,1856.0
-142.0,-616.0,1780.0
-96.0,-444.0,1782.0
-20.0,-317.0,1612.0
112.0,-108.0,1532.0
139.0,-65.0,1484.0
131.0,-101.0,1526.0
122.0,-166.0,1722.0
127.0,-181.0,1716.0
131.0,-204.0,1713.0
154.0,-106.0,1586.0
134.0,-154.0,1501.0
98.0,-228.0,1404.0
106.0,-202.0,1022.0
30.0,-292.0,1104.0
21.0,-206.0,884.0
-54.0,-374.0,364.0
-95.0,-418.0,281.0
-119.0,-193.0,168.0
-302.0,-156.0,-2.0
-292.0,38.0,133.0
-298.0,84.0,193.0
-294.0,140.0,236.0
-294.0,209.0,171.0
-262.0,277.0,168.0
-154.0,198.0,220.0
-108.0,161.0,327.0
-6.0,150.0,323.0
228.0,136.0,650.0
241.0,-12.0,652.0
319.0,-15.0,868.0
366.0,-384.0,1002.0
449.0,-378.0,1238.0
417.0,-676.0,1394.0
464.0,-512.0,1800.0
381.0,-536.0,1920.0
326.0,-429.0,1911.0
212.0,-460.0,1830.0
183.0,-624.0,1780.0
194.0,-487.0,1624.0
238.0,-270.0,1266.0
258.0,-197.0,1281.0
269.0,-189.0,1334.0
234.0,-390.0,1564.0
255.0,-248.0,1589.0
251.0,-270.0,1628.0
228.0,-524.0,1700.0
251.0,-415.0,1588.0
255.0,-370.0,1435.0
236.0,-400.0,1276.0
219.0,-381.0,1149.0
175.0,-350.0,975.0
58.0,-286.0,602.0
39.0,-155.0,537.0
-19.0,-185.0,425.0
-104.0,38.0,380.0
-150.0,21.0,282.0
-208.0,-10.0,318.0
-370.0,0.0,520.0
-385.0,-1.0,594.0
-409.0,74.0,717.0
-488.0,-36.0,872.0
-492.0,36.0,893.0
-483.0,17.0,935.0
-518.0,-70.0,946.0
-503.0,41.0,993.0
-504.0,-64.0,912.0
-450.0,218.0,964.0
-457.0,1.0,894.0
-479.0,23.0,1029.0
-478.0,-68.0,908.0
-463.0,-77.0,916.0
-479.0,-70.0,983.0
-450.0,66.0,934.0
-455.0,42.0,917.0
-454.0,29.0,942.0
-470.0,-22.0,940.0
-466.0,-18.0,953.0
-466.0,-20.0,951.0
-442.0,50.0,942.0
-456.0,5.0,927.0
-473.0,25.0,925.0
-426.0,36.0,834.0
-450.0,4.0,887.0
-455.0,20.0,923.0
-454.0,54.0,938.0
-480.0,-4.0,998.0
-455.0,17.0,938.0
-484.0,-76.0,920.0
-469.0,-23.0,910.0
-474.0,-23.0,936.0
-474.0,-52.0,912.0
-467.0,18.0,937.0


















 -,-,-
-669.0,327.0,605.0
-691.0,331.0,606.0
-682.0,296.0,642.0
-697.0,313.0,625.0
-708.0,357.0,593.0
-750.0,372.0,630.0
-750.0,378.0,616.0
-748.0,412.0,628.0
-718.0,310.0,536.0
-671.0,307.0,482.0
-584.0,232.0,352.0
-318.0,266.0,242.0
-204.0,277.0,76.0
-73.0,156.0,-118.0
138.0,-20.0,58.0
187.0,65.0,256.0
232.0,-3.0,458.0
314.0,156.0,1600.0
244.0,-146.0,1552.0
298.0,-32.0,1454.0
296.0,-492.0,2040.0
187.0,-619.0,2037.0
121.0,-330.0,2017.0
-24.0,-176.0,2040.0
-20.0,-149.0,1950.0
15.0,-103.0,1902.0
48.0,-210.0,1564.0
82.0,-103.0,1660.0
132.0,-37.0,1708.0
194.0,134.0,1774.0
200.0,76.0,1750.0
211.0,-37.0,1613.0
180.0,-322.0,1530.0
179.0,-302.0,1535.0
163.0,-274.0,1386.0
102.0,-268.0,1048.0
91.0,-187.0,843.0
56.0,-126.0,766.0
-92.0,-106.0,216.0
-135.0,-92.0,318.0
-191.0,20.0,222.0
-316.0,-6.0,402.0
-347.0,-9.0,342.0
-342.0,106.0,304.0
-362.0,210.0,252.0
-347.0,232.0,162.0
-300.0,205.0,193.0
-164.0,246.0,388.0
-119.0,202.0,222.0
-60.0,113.0,333.0
54.0,38.0,508.0
96.0,-40.0,549.0
174.0,-77.0,650.0
446.0,254.0,402.0
428.0,23.0,1096.0
420.0,-146.0,1529.0
320.0,88.0,1820.0
305.0,120.0,1818.0
291.0,171.0,1724.0
330.0,-182.0,1974.0
278.0,-226.0,1993.0
273.0,44.0,1926.0
340.0,478.0,1300.0
338.0,250.0,1302.0
356.0,30.0,1228.0
402.0,56.0,1444.0
384.0,-40.0,1399.0
332.0,-93.0,1490.0
302.0,46.0,1576.0
309.0,1.0,1600.0
319.0,-30.0,1569.0
294.0,-160.0,1392.0
283.0,-127.0,1274.0
260.0,-159.0,1127.0
160.0,-256.0,878.0
120.0,-224.0,861.0
70.0,-146.0,790.0
-24.0,-162.0,696.0
-48.0,-152.0,713.0
-79.0,-98.0,632.0
-186.0,36.0,408.0
-228.0,0.0,465.0
-241.0,0.0,443.0
-292.0,136.0,604.0
-337.0,120.0,701.0
-378.0,140.0,744.0
-440.0,32.0,958.0
-418.0,62.0,983.0
-426.0,14.0,909.0
-438.0,68.0,996.0
-442.0,29.0,1056.0
-439.0,71.0,1006.0
-420.0,2.0,1004.0
-413.0,58.0,1001.0
-433.0,-27.0,968.0
-420.0,72.0,904.0
-423.0,20.0,939.0
-419.0,72.0,946.0
-432.0,158.0,970.0
-435.0,87.0,984.0
-432.0,75.0,979.0
-430.0,-26.0,898.0
-419.0,28.0,898.0
-421.0,86.0,907.0
-434.0,140.0,872.0
-429.0,83.0,888.0
-437.0,105.0,936.0
-432.0,118.0,908.0
-428.0,122.0,974.0


















 -,-,-
-774.0,382.0,591.0
-764.0,323.0,536.0
-730.0,408.0,578.0
-741.0,385.0,566.0
-723.0,429.0,582.0
-708.0,424.0,660.0
-711.0,394.0,570.0
-691.0,347.0,477.0
-558.0,304.0,306.0
-446.0,276.0,397.0
-251.0,225.0,176.0
22.0,14.0,-240.0
22.0,0.0,-173.0
27.0,-29.0,9.0
126.0,-174.0,764.0
83.0,-217.0,1179.0
43.0,-239.0,1163.0
58.0,222.0,1224.0
56.0,201.0,1502.0
22.0,-27.0,1696.0
-86.0,-358.0,1802.0
-144.0,-409.0,1921.0
-156.0,-275.0,1858.0
-202.0,-328.0,1958.0
-146.0,-168.0,1930.0
-94.0,-2.0,1834.0
-48.0,186.0,1876.0
-33.0,106.0,1894.0
36.0,133.0,1885.0
122.0,-186.0,1870.0
148.0,-305.0,1863.0
164.0,-332.0,1613.0
124.0,-376.0,1164.0
96.0,-362.0,991.0
60.0,-168.0,594.0
-70.0,88.0,318.0
-98.0,72.0,201.0
-147.0,162.0,132.0
-260.0,230.0,186.0
-309.0,179.0,163.0
-351.0,107.0,271.0
-410.0,154.0,274.0
-388.0,229.0,309.0
-354.0,263.0,283.0
-132.0,358.0,104.0
-110.0,93.0,107.0
13.0,374.0,-83.0
226.0,148.0,140.0
264.0,65.0,290.0
333.0,85.0,581.0
506.0,-262.0,1228.0
485.0,-125.0,1464.0
508.0,32.0,1617.0
368.0,-202.0,2040.0
305.0,-204.0,2040.0
210.0,-291.0,2040.0
-26.0,-434.0,1874.0
17.0,-294.0,1804.0
63.0,-171.0,1607.0
176.0,-166.0,1210.0
198.0,-66.0,1184.0
216.0,-17.0,1235.0
206.0,-10.0,1506.0
197.0,15.0,1562.0
152.0,-93.0,1625.0
102.0,-96.0,1876.0
130.0,67.0,1692.0
131.0,54.0,1593.0
150.0,16.0,1240.0
124.0,-119.0,1118.0
80.0,-224.0,1000.0
46.0,-110.0,658.0
0.0,-167.0,660.0
-39.0,-144.0,659.0
-158.0,-160.0,466.0
-171.0,-3.0,514.0
-231.0,-12.0,463.0
-338.0,26.0,518.0
-361.0,138.0,581.0
-389.0,182.0,596.0
-458.0,242.0,820.0
-478.0,190.0,771.0
-495.0,218.0,767.0
-534.0,54.0,788.0
-552.0,64.0,750.0
-533.0,154.0,843.0
-574.0,88.0,810.0
-548.0,149.0,865.0
-567.0,104.0,833.0
-612.0,-8.0,1060.0
-572.0,88.0,966.0
-551.0,116.0,904.0
-520.0,136.0,888.0
-526.0,70.0,885.0
-532.0,85.0,874.0
-544.0,128.0,852.0
-539.0,139.0,876.0
-547.0,143.0,860.0
-538.0,110.0,964.0
-553.0,131.0,910.0
-551.0,107.0,912.0


















 -,-,-
-654.0,400.0,365.0
-667.0,479.0,377.0
-676.0,222.0,616.0
-639.0,343.0,588.0
-619.0,417.0,559.0
-580.0,358.0,526.0
-497.0,351.0,453.0
-392.0,395.0,327.0
-236.0,120.0,-64.0
-215.0,137.0,103.0
-157.0,188.0,201.0
-48.0,64.0,602.0
-13.0,47.0,497.0
11.0,-143.0,726.0
124.0,316.0,1146.0
161.0,148.0,1150.0
220.0,50.0,1244.0
122.0,-666.0,1922.0
85.0,-418.0,1981.0
99.0,-29.0,2009.0
70.0,114.0,1958.0
54.0,33.0,1927.0
66.0,105.0,1748.0
144.0,254.0,1444.0
160.0,189.0,1405.0
175.0,253.0,1452.0
258.0,320.0,1614.0
265.0,250.0,1694.0
269.0,144.0,1768.0
248.0,82.0,1846.0
236.0,-18.0,1763.0
210.0,-185.0,1641.0
148.0,-320.0,1142.0
132.0,-217.0,1083.0
94.0,-148.0,781.0
-24.0,-214.0,554.0
-49.0,-206.0,407.0
-92.0,-132.0,360.0
-232.0,-156.0,226.0
-265.0,-123.0,206.0
-302.0,-17.0,261.0
-380.0,180.0,194.0
-360.0,220.0,193.0
-320.0,240.0,164.0
-180.0,150.0,126.0
-138.0,95.0,217.0
-66.0,161.0,261.0
46.0,74.0,366.0
125.0,127.0,406.0
175.0,-74.0,685.0
320.0,-176.0,1250.0
366.0,-39.0,1214.0
364.0,-295.0,1591.0
324.0,-180.0,1886.0
309.0,-46.0,1963.0
300.0,22.0,1770.0
226.0,-374.0,1868.0
231.0,-305.0,1682.0
248.0,-189.0,1512.0
284.0,-40.0,1324.0
284.0,29.0,1377.0
287.0,44.0,1510.0
286.0,20.0,1690.0
273.0,3.0,1689.0
268.0,-7.0,1792.0
246.0,-28.0,1630.0
254.0,-101.0,1622.0
262.0,-164.0,1491.0
212.0,-334.0,1062.0
187.0,-277.0,990.0
155.0,-198.0,904.0
46.0,-182.0,588.0
32.0,-97.0,633